1.232912362540573967e-04
8.408735067863481408e-04
1.002208210239844241e-05
1.632883382411203464e-05
8.938355402780873149e-03
2.676732366281560040e-05
3.026898455140814344e-06
8.579753362096435986e-06
2.631985690901067479e-05
2.265770399481999414e-03
1.192947185778698606e-02
8.359443691786904709e-04
3.558375684490545530e-04
7.639507461817905326e-06
8.801020703548776422e-04
6.500199860574480400e-05
9.468821871014273470e-06
1.052815893833973832e-05
2.445976621007312727e-04
3.664463809147610134e-07
6.642751441844385639e-05
1.436844964898170452e-08
3.641297907647221481e-07
1.476232559788118919e-03
1.110673619473865172e-03
4.011031089159306211e-05
3.614261000994169605e-04
6.265399195114084070e-05
2.176577726796190656e-05
1.943783017035792624e-04
1.431435610584224427e-06
1.312017989616874177e-05
5.054619410057290938e-07
-2.118328850574074150e-19
1.099157253750571682e-03
3.162055262468837965e-05
1.094548361792291530e-03
1.375440529741227789e-04
8.392699502518200655e-04
6.608708083709584623e-06
1.267385715440031382e-06
2.594558470564158693e-06
9.028972390959303903e-04
2.450641461997478615e-04
1.734339513041033543e-07
3.852182030525261113e-05
5.250834250929528499e-05
3.538573578937702706e-06
5.540532821107908700e-06
4.370044009824408233e-06
6.830071509556780162e-09
3.114666485409623911e-05
5.825910215448274280e-06
2.502760214583862531e-08
2.192699894177333082e-04
1.337170178725433174e-07
1.137200272671555529e-05
2.907219416293586032e-04
1.144703160352279802e-03
4.186632000438374516e-04
7.129855931234543460e-07
1.209140371603885942e-03
4.242126502707548041e-03
1.851561162976971531e-06
2.376764609969917244e-02
3.870935324225039683e-05
1.495190332975206917e-05
3.601585000835703498e-03
4.341460203294182163e-04
8.051527422089512297e-09
5.718520228106387838e-06
5.382798177489387824e-04
4.927662500302937965e-05
1.785526654274628424e-06
1.014402305491086172e-05
3.392631266335872756e-06
6.705301097873530560e-05
3.249822861116671759e-03
1.759602371988954143e-08
2.770037597297774542e-03
4.712506948092800327e-04
1.763184063993444763e-04
2.091980967473311068e-02
1.844990225701771420e-03
9.822539461848495216e-06
4.844283103363324690e-05
2.436072690367853590e-07
2.218122215139768302e-03
8.221935266251256217e-05
4.451040280518633353e-04
9.139295683621852213e-06
4.723953669005426822e-04
1.759602371869819290e-08
1.582914916697602636e-05
7.227980378114362472e-04
1.194323780611547641e-05
2.043423668367679025e-02
6.201862369638071659e-06
7.465494493061942423e-07
6.527903597434479106e-04
1.954079110211228061e-04
1.468012110652198001e-03
4.603848052167650528e-04
4.239427665412734060e-06
8.703619533131002782e-04
4.104705477715492079e-05
4.389246006500298386e-08
1.262089970329916360e-06
2.220638897475011447e-03
5.204030184022339581e-04
2.130249602194652590e-05
1.513077829666490655e-05
2.319963652326481954e-02
1.527317423400836351e-03
4.215779756448506682e-06
4.239427665412378306e-06
5.873021772949090554e-05
3.229905046663767722e-04
2.838999922507131946e-06
8.372815321555135972e-07
1.262014198186490544e-03
1.827321737686240241e-03
5.109108043537470763e-07
7.139224704913811136e-07
8.867783705878652580e-04
9.481591287969434202e-05
1.279172288910014744e-05
1.194323780611342489e-05
5.484121855172239823e-06
4.389246006544576371e-08
8.195766303236913552e-05
7.743895279360536198e-06
1.037368049226495810e-06
1.606411423501304072e-08
5.891784753632280450e-04
1.054520295895560638e-03
5.718520228106398002e-06
4.185236625748251556e-04
5.362164141070848897e-05
6.627256776540701752e-06
8.725792626206611748e-04
4.257367828894150115e-03
7.977684495503777138e-05
1.302069166671984473e-03
2.450641461997480242e-04
6.325385872277859343e-08
5.018536155146145994e-05
3.940709305307250106e-04
1.734339513021241295e-07
5.557277571886106564e-07
2.169802164870983754e-04
5.816039801748365540e-05
4.657150188647356075e-03
2.172197448904224226e-02
2.273565864883822290e-04
3.162055262468690242e-05
4.389246006576831121e-08
3.630122288379995224e-06
5.853169870469900450e-04
3.037943639292385502e-04
1.192342323542246776e-04
4.800971056610520865e-04
6.830071513697997033e-09
2.410828751501210641e-06
1.442420645135732773e-06
5.109108043549503925e-07
8.051527422700221398e-09
3.033307237962693569e-05
7.683771452409327204e-07
1.606411423486011157e-08
1.721559817755606776e-04
1.837694021190845045e-02
1.015216839363483007e-03
1.859028555417348598e-03
8.934284172249136197e-04
3.390026696249885527e-08
7.828332829768606602e-03
8.069839027425026331e-06
9.953945709773556782e-05
1.288669486671229457e-03
5.362164141070818404e-05
3.630122288379309128e-06
1.262478671194986564e-03
3.884913431982847534e-19
1.782265598529773974e-04
1.052815893833885063e-05
7.722868107046157015e-05
5.853169870469912377e-04
2.946747981445944475e-04
6.652551276799573859e-05
1.102419574270559156e-03
3.050697728407226680e-04
8.903139522002473600e-04
8.195766303236912196e-05
1.392447620056282359e-03
6.704303199501720674e-07
7.949413309311333445e-05
3.068996773426487835e-04
5.254948821210989806e-07
3.351696915350165494e-04
2.664882564353959353e-05
2.438875914942254979e-18
8.809126447458346277e-05
2.733575285578499779e-06
7.123724139315413216e-05
-1.670896668010668333e-18
1.301135356122969100e-02
4.563442585767409315e-07
4.185236625748234751e-04
3.621915634262127376e-04
4.256161733208378578e-06
6.610538489082469623e-04
1.623815888676714706e-03
5.504983221333728874e-04
1.418168712280500456e-03
3.499582794269546290e-07
7.169802351407800396e-05
-1.351098326316597379e-18
8.384755212719758721e-04
3.325279115674810546e-05
1.082691122356113729e-18
3.050697728407241859e-04
4.185236625748251014e-04
2.915264425447882980e-18
7.294183733220421968e-03
5.380574198297728093e-05
-1.964549260275031982e-18
5.374496522136335717e-06
6.704303199487392053e-07
6.882947631729393919e-06
1.815090372049289703e-05
9.295904412703326743e-06
3.614261000994165268e-04
3.212601456569445920e-05
1.220072327713769111e-06
2.535496599629054270e-06
2.190694003049359574e-06
6.605050298551894478e-07
1.490029853004953963e-08
-7.921550176074733612e-19
2.436072690370253870e-07
1.372142058395064805e-02
8.838679714965816262e-05
2.963122384189359660e-06
5.313060858644806823e-03
1.003880092676619841e-04
1.194323780611031798e-05
7.129855931255250239e-07
8.631243067566719016e-05
2.434490152108376601e-06
3.675897178613809166e-19
1.018900469541619944e-08
1.078232883245672930e-03
5.377722355027473595e-06
6.190506816250089456e-07
2.905406071631779364e-05
9.417813738376372770e-03
1.247311499540850604e-03
4.480709333668972782e-10
1.758711268669480492e-07
-4.103449079442205221e-19
8.950514675722674772e-04
2.871601674634460051e-04
3.324913553367160775e-04
2.492024923187012925e-06
4.289675091090632679e-06
1.132457545656390273e-05
6.627256776540226567e-06
9.446256931615680096e-04
9.042707132787828605e-06
1.294761768904652255e-04
8.195766303237065340e-05
4.185236625748248304e-04
5.079588430308271986e-04
5.210252462926918785e-07
8.359443691786924225e-04
3.991278711932200705e-03
6.182075730619599428e-07
5.718520228106321769e-06
5.362164141070787233e-05
9.937775177651390814e-04
3.774231562301001269e-05
1.247356621450751328e-06
5.873021772949000430e-05
7.630574658401694270e-04
4.227576160803726589e-06
1.416666335903247944e-03
1.481708386963087208e-03
5.484121855172814958e-06
1.624667916644436009e-05
7.114548762321880532e-05
2.149334819049162746e-06
5.381993197579322107e-04
8.503277276777332881e-04
6.448904023427409521e-05
1.556748817682460597e-06
1.194323780611511896e-05
2.429704871202796081e-03
1.521134142115137308e-03
6.707172001272947365e-06
4.366928061549220862e-04
5.260782775383487757e-04
2.169156729053576413e-05
1.959775759791701908e-06
1.310726464700889219e-04
5.246625263670105671e-08
1.959775759790906967e-06
6.426542994174933064e-08
1.167840529339615509e-05
1.278349862553387732e-04
3.031925221919590472e-07
1.860555574218658079e-07
6.190506816284646283e-07
7.129855931264233023e-07
5.584160226390712763e-06
6.249610968070759684e-05
2.594558470563623369e-06
1.371508407281325287e-06
9.295904412701940997e-06
4.323653921617599322e-05
4.215077463646705186e-06
5.626507820390831921e-05
1.817573023159628914e-07
1.417727616478396469e-05
4.590219001903736809e-04
8.430406699304359954e-08
3.843366418581584620e-04
1.220072327714087384e-06
6.371935655908903610e-07
4.254917899300063983e-04
1.011609004138787570e-07
3.415081463944845683e-06
6.203472980567010431e-06
4.563442585756276655e-07
2.012582517167991950e-07
1.097659002437157181e-04
9.174111992798643410e-05
1.795726906229682047e-04
8.867783705878666675e-04
2.606300468563858266e-04
9.800713283814597217e-04
8.068080588469494463e-06
1.359389193810773980e-04
2.510902385945512172e-05
8.628571033417605732e-04
4.689809239730718265e-05
2.098990364299981552e-05
3.409924628959018998e-07
4.499176181420900568e-03
9.257786879082876303e-06
1.636936068572883343e-03
1.676697129477441257e-05
1.429557143827758828e-06
1.052815893834064634e-05
5.604227851931067910e-05
8.011702999075211510e-07
1.052815893834019233e-05
6.721684087345011908e-08
5.057133707331130739e-05
3.149139397370647608e-05
3.714802150504102466e-04
4.558151405445358471e-04
1.965713661778564547e-05
5.557277571861550020e-07
9.087365484348473338e-07
2.070915801401556277e-07
1.071383144463867380e-05
1.556748817685514998e-06
8.810900102312742931e-08
1.503793830856373775e-02
3.987752504199253996e-05
9.357959739755538622e-04
2.169156729053971808e-05
2.489168771415213152e-05
4.341460203294184332e-04
1.785526654275088786e-06
1.785526654274917262e-06
1.571453613580464187e-05
7.152656079693161704e-05
9.087365484339249150e-07
2.410828751502194894e-06
2.789492588698266320e-04
1.469737547074783084e-03
1.844616898836267879e-03
2.430928592464778676e-06
3.747779338955232174e-04
1.652120134835549333e-04
6.103246142701207916e-06
1.971569240234982354e-03
1.734339513025210173e-07
1.052815893834015845e-05
2.186249739679590933e-03
6.956254441868866081e-05
3.171306339956301049e-05
1.429557143828675318e-06
1.235597939789825233e-04
7.852348548869585295e-04
3.389956956257864817e-05
1.002208210240139009e-05
6.416253423195591138e-07
1.052815893833939273e-05
4.003537585593993021e-05
1.174659378854985540e-04
6.903702456598676198e-07
4.788002986192926879e-04
1.815090372049269713e-05
5.054619410064937527e-07
7.722868107045914425e-05
2.293280029643259173e-03
1.279379613450858447e-03
1.900514675604317172e-05
1.946365743480105691e-04
2.186892355282739602e-03
1.051606327416121871e-04
5.253879072926885595e-04
2.034159772354159168e-05
1.008907597332189268e-04
8.195766303236984025e-05
1.785526654274621012e-06
1.763673522784007377e-06
7.229710140931576174e-04
2.430928592465623168e-06
1.035514271238811845e-02
2.203481416500416984e-02
8.182273912955689019e-04
5.922497775970805714e-04
2.769388376537458588e-07
1.344341499619426244e-05
5.815327417524993221e-04
1.569082862208448183e-05
1.044671683935147232e-04
6.201862369641992575e-06
2.337293727347651562e-02
2.584807120373357279e-04
2.450641461997463437e-04
3.641297907664683595e-07
7.003270523053353475e-04
6.479551462215266520e-07
1.247311499540851038e-03
8.138846772239023523e-04
7.000767806798853987e-05
4.689809239730735884e-05
5.384514746331709942e-04
1.062975507873491600e-03
7.129855931273769556e-07
1.255377760252467220e-04
2.190694003050020260e-06
3.693346978450876629e-05
7.993350262219750611e-07
3.392631266334598395e-06
1.787360161410934576e-04
2.908117993632429681e-08
5.557277571873389423e-07
5.540532821107281049e-06
1.422847284494758351e-03
1.012413415364161844e-02
1.768591575463759147e-06
5.718520228104997009e-06
1.117233175009111614e-03
1.093506278458207829e-03
6.426542994158644885e-08
1.728504487585599067e-18
6.627256776540726316e-06
9.132181324459437899e-04
-8.455537019892576833e-19
6.947045214524121557e-04
6.627256776539841167e-06
1.381213034661866697e-05
2.333536882749684047e-04
-2.643364267498205850e-19
7.608736164987435935e-05
1.220072327714768822e-06
5.718520228105464572e-06
9.044331210720394228e-09
6.103246142700845386e-06
8.041438806549771126e-04
3.780102209863901784e-04
5.662523534773111680e-04
6.585309692488296326e-05
1.814944405825868532e-05
3.392631266335854968e-06
4.389246006547995605e-08
2.064081629215431656e-03
1.288669486671228590e-03
7.697096029322168410e-06
2.510902385945455590e-05
1.110673619473863437e-03
3.235394972823342822e-05
4.915991341785896874e-04
1.979519355778914580e-07
5.250834250929321145e-05
1.985810638652336924e-03
2.421317257190819727e-04
1.387556574730360067e-07
1.417727616478424760e-05
4.550090201116908841e-04
9.087365484328146665e-07
3.745462289547754555e-04
8.708841037506887013e-07
3.013569327971606982e-06
7.855475793039949303e-05
8.954856272277686479e-04
4.535838099797562070e-06
8.817244471283901256e-09
9.812258797659205532e-04
1.721559817755598644e-04
9.651843069271502608e-05
4.469064111996436236e-05
1.503767162871274263e-08
7.992977634396441419e-07
4.201918056310714361e-06
1.127554286805615511e-03
6.645641838792599109e-05
3.627418918513720687e-03
8.723350239581962283e-04
8.372815321560634275e-07
4.253361450566896840e-18
1.002463252209365006e-04
5.104205527053098607e-07
7.930851295275438695e-04
1.959775759790765089e-06
5.873021772949062771e-05
2.410828751502388017e-06
3.398486804138705535e-04
1.048836939039590646e-04
-2.240302788653351813e-19
1.735528359969577990e-09
1.785526654274761831e-06
6.489334833963415934e-05
4.337814057269658041e-05
2.410828751505134521e-06
9.674659414325114739e-08
4.783447370993070056e-05
2.187148862629998552e-03
3.765670569383657669e-04
9.879330517671930465e-04
-1.628550218281474913e-19
3.114666485409632043e-05
1.475240925974448289e-06
2.043410623157193985e-04
1.759602371864062444e-08
7.181365223483749118e-06
4.469064111996348822e-05
2.399549298297656331e-04
1.919282655591065395e-03
5.632865972592018128e-04
1.556261492350763606e-05
4.689809239730759600e-05
2.157738303843237653e-03
4.363269658982952146e-07
9.087365484351257959e-07
3.868919402285086937e-06
1.128479116976478493e-04
1.651312642675261582e-04
1.288249797337850521e-05
2.584807120373365410e-04
1.734339513027693568e-07
1.091729390102759174e-03
8.051527423714634342e-09
8.819127571031559884e-04
1.832341664312886519e-03
1.721559817755593765e-04
1.059086651199363845e-03
2.760566055105953326e-04
7.181365223483749118e-06
1.167335740597252541e-05
5.250834250929251349e-05
1.023974615968244184e-02
3.275882846062382026e-05
1.338607835960278845e-06
1.058799515545006070e-04
2.234740779898906534e-08
5.873021772948890654e-05
5.718520228105227402e-06
2.946875263928702953e-03
1.422540283311554694e-05
1.240526549936209085e-06
2.939944751975617787e-05
4.754763482256931938e-05
7.332229639267539081e-06
1.908216921159110134e-07
2.172649586856549488e-04
8.440559679825107922e-04
3.641297907661884680e-07
2.190694003049141040e-06
3.641297907661479693e-07
1.517648779925699675e-03
9.791354551830135783e-04
3.639741124226252272e-03
4.833310112629871091e-04
1.052815893833986707e-05
1.834451058038728477e-05
1.055963013489731155e-04
1.867518085983301077e-03
1.514564363747566670e-05
1.451780317263764747e-04
1.943783017035817832e-04
2.410828751503021174e-06
1.893132311170495790e-04
1.052815893834017369e-05
3.641297907668178664e-07
5.540532821107000681e-06
8.977074717137094261e-07
2.434490152108014918e-06
1.438178313566991625e-06
6.201862369640060493e-06
5.413027298601990949e-05
8.479876547366470307e-05
1.371015129220739555e-06
6.783777645149104173e-05
1.656079420787570476e-05
1.959775759792963987e-06
1.220910261857262698e-05
-2.592638218599999286e-18
1.391286197542351102e-07
1.815090372049238203e-05
5.540532821106585635e-06
-6.637665197816545616e-19
1.835485891856388472e-05
2.673598224384199519e-05
1.834485150202433605e-05
1.240526549935128695e-06
3.906723555750919209e-03
2.190694003047586734e-06
1.943783017035820271e-04
6.578972848629185521e-05
4.704704252907683276e-04
4.855564033243813232e-04
1.052815893833980608e-05
1.000319169519844290e-03
1.903491316340279811e-05
3.031925221927759046e-07
2.978399010744305683e-03
7.752264580790197175e-06
6.426542994248624930e-08
3.630122288378921610e-06
1.480444529806560850e-03
1.003242154158265256e-03
4.345016407679626860e-06
2.555923051380868511e-04
3.392631266336286108e-06
2.221808961494169121e-02
1.282114939046960583e-05
2.945699959921743771e-06
1.052815893833780200e-05
7.169802351407855961e-05
1.871912180031109693e-02
8.160235987969162701e-04
3.441758413440713742e-05
1.316181944082668196e-03
8.810900102270997441e-08
3.080986747823942929e-03
7.750791211346590385e-07
5.054619410075775314e-07
3.266380619168711889e-06
1.294761768904650358e-04
9.856449378774139532e-05
5.825910215445224962e-06
1.268736676500245976e-04
8.359443691786929646e-04
7.259294612989038826e-05
1.595309369081844781e-03
5.977903104181896956e-04
2.349360694605524130e-02
5.054619410079279913e-07
1.955319132142553911e-04
7.340676444135835340e-05
4.412861616715402567e-06
9.087365484350006468e-07
5.824592200171015713e-05
4.462088086216661753e-05
1.392512645460592959e-05
7.163885912995336279e-04
7.770507265321088764e-08
2.157738303843237653e-03
5.740248688528119238e-06
5.080182120674577246e-04
5.478969106434859526e-05
1.267385715441420092e-06
1.393114375510339945e-07
1.695268750473265661e-07
9.357959739755526696e-04
6.203472980570001304e-06
2.410828751502078427e-06
1.101729727015775349e-03
6.587606406211450410e-05
5.265510111688538267e-05
2.652889066370161256e-05
2.652889066370167355e-05
9.087365484321550396e-07
1.375507840588359541e-03
1.022595946165079259e-04
3.659906231169085273e-03
1.828177950875458188e-10
7.826156714767763768e-04
4.333568524136837221e-05
6.627256776540335834e-06
3.870935324224997670e-05
2.338196189487621451e-02
2.838999922506172257e-06
8.138846772239022439e-04
6.365124431014889360e-03
2.838999922507144228e-06
2.535496599629334638e-06
5.250834250929443118e-05
6.426542994202991030e-08
9.689648890754917233e-05
5.876327998705560074e-04
5.250834250929593551e-05
1.603639125003335840e-05
5.025030008282540471e-05
4.201918056310059604e-06
5.328271684582984899e-07
1.387556574708542880e-07
2.410828751501574019e-06
1.735528360102174628e-09
8.011702999079579024e-07
5.109108043561097689e-07
2.367396614493345641e-06
1.078625347764301887e-03
2.758899283908676828e-04
2.434490152107895910e-06
2.777386203501566470e-03
2.462237807126357771e-06
2.968511723340562535e-05
1.032811302025985283e-06
5.250834250929400427e-05
2.430928592466264795e-06
2.450641461997496505e-04
9.953453798307732980e-07
8.642569810470254505e-05
-9.220778266678812266e-19
1.878466754148265096e-09
8.867783705878662338e-04
1.747095742201219221e-05
9.371870818710577279e-05
5.230836595962646423e-07
1.662588880365842292e-06
2.489058444680796681e-03
6.111297670124117070e-06
1.908216921176829005e-07
8.199051320781448630e-19
3.466119140344386105e-05
6.680948667590468674e-06
1.582914916697859795e-05
7.764259935287655320e-06
4.029828910693866511e-05
4.185236625748253183e-04
1.885659962705924940e-04
3.620491584059340870e-07
2.190694003049353222e-06
3.405443919630371774e-07
1.490029852786076348e-08
2.769388376546055972e-07
4.256161733207906781e-06
1.171500553924605445e-04
4.215779756451634774e-06
5.479914372595861291e-06
6.249610968070721737e-05
7.169802351407723146e-05
1.628031668433161739e-03
1.272622694249894281e-03
4.341460203294184874e-04
8.401185900140628029e-06
3.242208684902059225e-04
2.287440597192451069e-06
4.024514606517229159e-05
1.759602371769307912e-08
1.913351401415529229e-02
8.822245676358217103e-06
1.458872814968574993e-03
5.054619410078424410e-07
4.975677207273778991e-08
1.708942555302886976e-03
1.010355686270277584e-04
2.838999922506903670e-06
1.605006692394295241e-04
2.584807120373350232e-04
1.091734079857846918e-03
7.656594740179337871e-05
1.763673522783825477e-06
3.181802774993383338e-05
3.299083301414567341e-05
9.674659414352798158e-08
2.647740698084752537e-05
9.256465022113919599e-05
1.477909176014084941e-03
9.903879299373353779e-04
4.972464043618085930e-04
1.390621767846314397e-03
1.606411423526618445e-08
6.145755119090557436e-04
6.756919200961146742e-06
7.605219692405401546e-04
5.873021772948925891e-05
5.718520228106246383e-06
1.564130598700610791e-04
2.733575285579796163e-06
7.050352153930636973e-05
5.250834250929565090e-05
5.839556783096587694e-08
5.484121855173634039e-06
2.635180828504014887e-07
3.965369508344375248e-05
4.215779756448397414e-06
4.171726248059230198e-05
2.722624976198084268e-04
8.253668024372886930e-05
1.099530818746944413e-03
3.756744957159463679e-04
1.052815893834022790e-05
5.658200401585342504e-06
2.058822614456069875e-03
2.056327545806108530e-06
1.703357511397161341e-03
4.366928061549223031e-04
9.854369533532911837e-04
2.410828751502338466e-06
1.929513105833982023e-05
1.077176620737613669e-05
1.220072327714110889e-06
5.853169870469918882e-04
6.527529437795603386e-03
1.594389716535252665e-03
4.719205371103018729e-03
1.503767162881652071e-08
2.110866910630651572e-02
1.033861929224530983e-02
8.598396674594249072e-04
1.052815893833828312e-05
3.007444515943970558e-04
5.192910164253452003e-04
2.457365620428574927e-04
2.976028826676470362e-04
2.968511723340605903e-05
2.799722505611519950e-06
2.871601674634445957e-04
2.415385498704979069e-06
1.264952645168139237e-06
1.352771746837620618e-03
3.105251859707526990e-05
1.785526654275680439e-06
9.295904412703177665e-06
2.594558470563549253e-06
1.627457086705723263e-05
-5.373053214786364145e-19
1.044659732870232682e-03
9.709066718783924445e-06
1.815090372049196529e-05
1.332769536140026362e-05
1.490029852922900128e-08
1.230237038196103916e-02
1.306406776221615603e-03
1.431479512538775568e-02
4.720174023916278350e-06
6.696490197771361988e-05
2.787478675766403690e-03
6.541643199923390974e-05
6.645641838792435124e-05
1.615415749897512301e-05
3.257254905881677622e-04
1.153611510676285600e-06
6.169154233935181600e-06
2.210237175122092054e-03
9.351916357922189466e-06
1.117491279611599470e-03
8.359443691786898204e-04
8.231488956087796031e-05
7.089831792686556366e-04
7.266064035872775049e-04
8.051527423957932976e-09
4.900840980252783299e-04
5.001195087785127030e-09
1.960217422432956533e-02
2.561889335792149391e-05
9.624513361444969129e-04
1.000456985592256291e-03
1.943783017035808345e-04
6.547679113286238939e-04
1.830359155002438554e-03
2.838999922506862589e-06
2.222155676029043134e-05
4.215779756449096217e-06
1.284459649400715225e-03
9.257786879082827175e-06
1.375440529741254081e-04
4.235710793977674141e-04
9.762785090102583333e-04
9.307612110662066078e-06
9.674659414233738413e-08
6.182075730660298302e-07
1.072499995874858556e-05
7.164941323725679051e-04
6.787171428011906013e-06
3.245839204172153505e-03
6.578972848629138087e-05
1.059889994177135137e-05
1.946617988652556835e-03
9.089862039795920478e-06
2.939944751975671319e-05
2.968511723340654693e-05
7.181365223482996106e-06
1.194323780611400426e-05
2.535496599626876972e-06
5.413027298601861523e-05
3.831921633542704721e-05
5.902080846807670079e-04
4.230148206096146830e-06
1.283064454410929206e-06
3.441758413440774051e-05
8.379532740993382025e-05
9.087365484342638340e-07
3.405443919624905235e-07
2.927448179316351293e-03
1.815090372049274456e-05
3.749187394607287518e-07
5.105893924172604566e-04
5.557277571880111688e-07
2.968511723340480881e-05
5.029435014016061601e-04
2.431256608604988681e-06
4.254677603776865022e-06
3.754107437003592860e-07
2.133860107667813824e-02
7.933423058389429787e-04
4.931638273951052505e-04
2.939944751975351141e-05
2.489168771415236191e-05
7.309736170811475481e-09
3.870935324225028841e-05
4.734410988389480663e-07
1.959441882933172968e-08
3.682413006016496378e-04
2.956485310503367066e-04
3.295904129379573677e-04
1.226140436178269901e-04
4.480709355699096709e-10
4.366928061549221946e-04
1.721962010176672430e-05
-2.508714505553769355e-19
4.448598517740602783e-04
8.706131539222454268e-05
6.203472980569559153e-06
1.149010948727769961e-04
1.721559817755585091e-04
8.384755212719756552e-04
1.077176620737434267e-05
7.630574658401715954e-04
7.078640515733453098e-05
5.718520228105646684e-06
1.867840302342786175e-03
1.153574391313529713e-04
2.173265852960982548e-08
9.055185834107965740e-05
8.139393465100633329e-04
3.852182030525379698e-05
3.782301468651334467e-06
2.434490152107863722e-06
9.087365484334199775e-07
2.979514538428235863e-04
2.066667962322511694e-06
5.250834250929467512e-05
4.752581895215857648e-19
3.870935324225064755e-05
8.977074717153594463e-07
4.239427665413370182e-06
1.194323780611399410e-05
4.185236625748226078e-04
5.413027298602033640e-05
5.109108043566223297e-07
2.235452340244676837e-06
7.089869633964980528e-06
4.185236625748247762e-04
8.738060218882699260e-04
8.625699807281366827e-05
6.160830882923184976e-06
2.933574426033973695e-09
7.164941323725667124e-04
1.721559817755610028e-04
5.080035949858562259e-06
1.164030499652762097e-04
7.078640515733814950e-05
1.320777683007843060e-06
3.210222069202963986e-04
1.721962010176729011e-05
7.067382228961009314e-05
2.041408816895543595e-03
5.981465083169306774e-04
4.171726248059265434e-05
8.987118724393969052e-06
1.865991183868561114e-04
2.838999922506998961e-06
2.489168771415434058e-05
1.194323780611461921e-05
1.156010464003895459e-04
2.062110746612048798e-04
1.564183814815303360e-03
2.534777953430471177e-04
9.259053037362091976e-06
1.338607835958213355e-06
4.003537585593870370e-05
1.219162109317248561e-06
1.643077973871418204e-05
8.977074717135577014e-07
1.615415749897417094e-05
5.054619410073250097e-07
7.855475793039797515e-05
1.163301708460944255e-04
1.071563654365349571e-05
2.981271247540248463e-04
4.918194598384513014e-07
1.721559817755578857e-04
2.189226545047272190e-04
1.721559817755594578e-04
8.854519998294627017e-04
1.815090372049437426e-05
6.678903085084580418e-05
1.923277876143945214e-02
5.737313145294425432e-05
2.463943957878911620e-04
1.282114939047038171e-05
7.894717811267520707e-04
1.943783017035805635e-04
1.052815893833888790e-05
6.079774619842452835e-20
-2.100568599538292014e-18
5.171375757818656486e-07
4.975677207212628507e-08
6.288962966329072471e-04
1.845728259143276050e-05
7.333871377037338088e-21
2.165660139993504010e-03
5.484121855172874251e-06
9.674659414582443349e-08
8.725792626206605243e-04
8.160235987969145354e-04
3.039366182741125966e-05
1.564130598700621362e-04
2.759013056200849577e-04
2.625253424819752590e-05
9.044331209893296334e-09
2.169802164870981314e-04
3.641297907680552757e-07
6.936301419344125285e-07
1.289524128962366863e-05
8.430406699508955469e-08
1.371508407281624289e-06
2.450641461997471026e-04
1.940094700249093583e-03
6.704303199480206037e-07
2.247321181770435897e-02
1.012045097757063557e-03
1.052815893833925212e-05
2.181808185755035591e-09
5.960589091087147380e-08
9.430011067009206206e-04
9.853644810468438725e-05
1.900492214747877783e-04
7.183910606234159826e-04
2.489168771415237207e-05
1.061657248449582498e-05
5.413706721988976683e-07
1.720060664103785555e-07
2.119873752511804046e-05
2.492435296815432203e-05
3.622678880708136906e-07
4.894805515745341302e-04
1.227530482597142572e-05
4.215779756447906135e-06
1.291484297404054457e-18
2.257466068864606070e-08
7.164941323725712661e-04
5.635439330261134773e-05
4.469064111996522295e-05
5.169830169217180891e-04
1.467654671186851343e-05
-5.114953920989152413e-19
2.535496599629880974e-06
1.071094403327632436e-05
3.229905046663764470e-04
7.740003022344658641e-05
9.751243784459757123e-06
9.368773669873220212e-10
1.432843016626521391e-04
3.224936715807163621e-04
7.992977634380697194e-07
1.765734111719385737e-08
5.372841483700795020e-05
4.556747201472275966e-09
3.392631266334657687e-06
3.236592800485522030e-07
7.410119990672768759e-05
3.222551664844653573e-05
9.822539461848363079e-06
5.718520228104754758e-06
6.718946557764290917e-06
5.471737190104243066e-05
2.676732366281528531e-05
1.008902895343734805e-03
3.420448661898701083e-04
4.215077463647871550e-06
3.558375684490520593e-04
1.065927102852652544e-03
8.384755212719758721e-04
1.247356621448479585e-06
-6.887466026915893621e-19
7.427400794936584350e-05
-1.382550355668246756e-19
4.301970199807974540e-04
2.994651537574576517e-03
2.364053836013599308e-02
4.185236625748235836e-04
7.136770727453805923e-04
7.572778398436763789e-07
7.293621537792959386e-04
9.087365484344293231e-07
4.211970018437145182e-06
1.503767163032880539e-08
1.503767162750717321e-08
1.081736808685176087e-04
1.834485150202477650e-05
5.314304176943935391e-08
1.514564363747805872e-05
1.636936068572880090e-03
7.003270523053380580e-04
6.412685525072045522e-04
1.470157431401152450e-05
5.109108043547260347e-07
1.802563624338078768e-04
1.250693368647981486e-03
2.567708114129163457e-05
7.172307654046304257e-04
1.120760720266708712e-04
1.307334287599424584e-03
4.542108327908401166e-05
2.157738303843237219e-03
1.022048706003265292e-18
3.157035061556841613e-06
1.016045742680865545e-18
2.084177158374150791e-07
4.256161733208337921e-06
4.568084494435060636e-03
3.914414422132998003e-04
6.718824830668799022e-06
1.556748817684109346e-06
3.340072591573344158e-04
3.231184011124017145e-09
7.514291125754384576e-06
5.547842557278281409e-06
7.514291125751628331e-06
4.345016407680085952e-06
7.855475793039931685e-05
7.216000652913684553e-06
1.312017989616856728e-05
1.574849334392442899e-03
6.213301596469014004e-04
5.026597794052966228e-04
4.975677207246049250e-08
2.169802164870964509e-04
3.651682684915869524e-04
2.190694003049246495e-06
1.582914916697742905e-05
1.885659962705918164e-04
2.211230575500890225e-03
1.699321424489650626e-03
2.441069902468092495e-02
1.864040708706326405e-02
2.584807120373347521e-04
4.174435598239844051e-04
2.588212564292973459e-04
3.392631266335927813e-06
7.564430468880561356e-04
5.718520228105908417e-06
1.572094281172589072e-04
1.319860041471196693e-05
9.137308493987816383e-05
