3.702144416282135095e-06
6.851670981933020489e-05
-0.000000000000000000e+00
-0.000000000000000000e+00
2.608353442133354294e-02
-0.000000000000000000e+00
-0.000000000000000000e+00
-0.000000000000000000e+00
-0.000000000000000000e+00
7.838845848798089370e-05
2.232509565106787289e-02
-0.000000000000000000e+00
-0.000000000000000000e+00
-0.000000000000000000e+00
3.889358740001025991e-05
-0.000000000000000000e+00
-0.000000000000000000e+00
-0.000000000000000000e+00
1.115600494992342055e-05
-0.000000000000000000e+00
-0.000000000000000000e+00
-0.000000000000000000e+00
-0.000000000000000000e+00
2.776213035498866397e-05
2.664831801006759676e-02
-0.000000000000000000e+00
-0.000000000000000000e+00
-0.000000000000000000e+00
1.424652716793469408e-03
-0.000000000000000000e+00
-0.000000000000000000e+00
-0.000000000000000000e+00
-0.000000000000000000e+00
-0.000000000000000000e+00
1.935184936659646603e-04
-0.000000000000000000e+00
2.289282771410188887e-04
2.622922876927968471e-04
4.078611876039763977e-05
-0.000000000000000000e+00
-0.000000000000000000e+00
-0.000000000000000000e+00
-0.000000000000000000e+00
1.112035316546967947e-05
-0.000000000000000000e+00
5.396298924276204548e-07
-0.000000000000000000e+00
-0.000000000000000000e+00
-0.000000000000000000e+00
-0.000000000000000000e+00
-0.000000000000000000e+00
2.330204990427831991e-07
-0.000000000000000000e+00
-0.000000000000000000e+00
3.172971933240511795e-05
-5.644708617083602884e-20
-0.000000000000000000e+00
3.785368917969641599e-03
8.146401998751350449e-04
1.280791421883567119e-05
-5.776111001090715661e-21
8.910835277299055876e-03
4.858645169353160813e-04
-0.000000000000000000e+00
1.872207740801706518e-03
-0.000000000000000000e+00
-0.000000000000000000e+00
1.326901874781288382e-04
-0.000000000000000000e+00
-0.000000000000000000e+00
-0.000000000000000000e+00
7.878052515173829945e-05
-0.000000000000000000e+00
-0.000000000000000000e+00
-0.000000000000000000e+00
-0.000000000000000000e+00
-1.714366299426793430e-20
1.862269565550749191e-03
-0.000000000000000000e+00
3.713425792682902460e-05
-0.000000000000000000e+00
2.211161087401605682e-05
1.152157728157265568e-02
3.757396745087030030e-04
2.374670200997176100e-03
-0.000000000000000000e+00
-0.000000000000000000e+00
9.277533156436598835e-05
-8.775895464924592075e-20
2.200769157535847434e-05
-0.000000000000000000e+00
-0.000000000000000000e+00
-0.000000000000000000e+00
-0.000000000000000000e+00
1.906872494505603127e-03
3.131238930444293174e-04
1.383975015455911860e-02
-0.000000000000000000e+00
-0.000000000000000000e+00
2.231711746721945933e-03
-0.000000000000000000e+00
2.620522977802151768e-04
4.863164185726636822e-06
-0.000000000000000000e+00
3.607413886795036561e-03
-0.000000000000000000e+00
-0.000000000000000000e+00
-0.000000000000000000e+00
2.245167594043533013e-04
1.748233836974317677e-04
-0.000000000000000000e+00
-0.000000000000000000e+00
3.101471687759833635e-03
2.016412819726272621e-06
-0.000000000000000000e+00
-0.000000000000000000e+00
-0.000000000000000000e+00
-0.000000000000000000e+00
-0.000000000000000000e+00
-0.000000000000000000e+00
1.292245883581620873e-03
7.706563394586897974e-05
-0.000000000000000000e+00
5.396298924276204548e-07
2.119908502283686749e-04
1.698551764085431137e-05
3.063993652586682654e-22
2.259723120851316741e-04
-0.000000000000000000e+00
-0.000000000000000000e+00
1.370546314010839025e-04
-0.000000000000000000e+00
-0.000000000000000000e+00
-0.000000000000000000e+00
3.282198855761172895e-05
4.266457072651409495e-04
-0.000000000000000000e+00
1.337009645525273106e-04
-0.000000000000000000e+00
-0.000000000000000000e+00
1.276251706210827829e-03
3.097122581213274995e-04
-0.000000000000000000e+00
1.784181678692294543e-05
-0.000000000000000000e+00
-0.000000000000000000e+00
-0.000000000000000000e+00
3.084097581365384022e-06
-0.000000000000000000e+00
-0.000000000000000000e+00
9.077040216803973881e-06
9.375527275498395183e-04
6.907703763328350679e-04
9.783378536360309158e-03
1.893312605611980996e-05
-0.000000000000000000e+00
-0.000000000000000000e+00
-0.000000000000000000e+00
7.382371225827407649e-05
8.343256299384540120e-05
9.665201474602556651e-06
-0.000000000000000000e+00
-0.000000000000000000e+00
-0.000000000000000000e+00
-0.000000000000000000e+00
-0.000000000000000000e+00
-0.000000000000000000e+00
-0.000000000000000000e+00
-0.000000000000000000e+00
-0.000000000000000000e+00
-0.000000000000000000e+00
3.173128745272910112e-03
4.095902960086016771e-04
1.230674157701295780e-07
-0.000000000000000000e+00
-0.000000000000000000e+00
2.458609657950244082e-02
-0.000000000000000000e+00
2.314876819257522065e-03
-1.057769183284245964e-19
-0.000000000000000000e+00
-0.000000000000000000e+00
3.233721791012049429e-04
-0.000000000000000000e+00
-0.000000000000000000e+00
-0.000000000000000000e+00
3.954562913695655629e-05
-0.000000000000000000e+00
2.259723120851316741e-04
8.400455738602744020e-06
1.793623777036993609e-03
6.947893283684996191e-04
7.551149386608422035e-05
9.465020642226699190e-06
1.725570243293167785e-03
-0.000000000000000000e+00
9.012316942975158468e-06
-0.000000000000000000e+00
-0.000000000000000000e+00
7.412761176002050686e-05
-0.000000000000000000e+00
-0.000000000000000000e+00
1.725786830555285002e-05
2.814412409759739231e-07
5.515629411932319251e-06
-0.000000000000000000e+00
2.121093468302443635e-02
-0.000000000000000000e+00
-2.877491450825218653e-20
8.929329911927682317e-06
-0.000000000000000000e+00
2.272862587837911545e-05
1.343910477208326375e-04
4.751071075633006913e-07
7.502307525728037761e-06
-0.000000000000000000e+00
1.861539737947333431e-06
-0.000000000000000000e+00
7.749338422533890781e-05
1.030412077059429177e-05
-0.000000000000000000e+00
-0.000000000000000000e+00
1.098321644464594215e-04
-0.000000000000000000e+00
2.750624483503384329e-02
-0.000000000000000000e+00
-0.000000000000000000e+00
-0.000000000000000000e+00
-0.000000000000000000e+00
-0.000000000000000000e+00
-0.000000000000000000e+00
-0.000000000000000000e+00
-0.000000000000000000e+00
-0.000000000000000000e+00
-0.000000000000000000e+00
-0.000000000000000000e+00
-0.000000000000000000e+00
-0.000000000000000000e+00
-0.000000000000000000e+00
-0.000000000000000000e+00
-0.000000000000000000e+00
2.034030555482820718e-02
-8.850095425142553986e-21
-0.000000000000000000e+00
2.594683970180592866e-02
5.083130944196703348e-05
2.031252006223423177e-05
3.343133481451673146e-07
3.610750404517672543e-06
-0.000000000000000000e+00
-0.000000000000000000e+00
-0.000000000000000000e+00
1.123759147187606937e-03
-0.000000000000000000e+00
-0.000000000000000000e+00
6.601686055005945072e-06
2.423829534913916200e-02
5.244800857914558618e-06
-0.000000000000000000e+00
-0.000000000000000000e+00
-0.000000000000000000e+00
3.811743724318661153e-05
4.498908133669401153e-05
1.865448425130792826e-05
-0.000000000000000000e+00
1.973415939699505828e-05
9.351677827435638526e-08
-0.000000000000000000e+00
1.482945230451874162e-04
-0.000000000000000000e+00
-0.000000000000000000e+00
-9.359686271289738884e-21
2.054413510017364872e-03
6.083032941282796340e-06
-0.000000000000000000e+00
8.930734028325139611e-05
3.676947099510079284e-03
-0.000000000000000000e+00
-0.000000000000000000e+00
-0.000000000000000000e+00
-0.000000000000000000e+00
1.970728269799885301e-05
-0.000000000000000000e+00
-0.000000000000000000e+00
7.355936989720500690e-05
-0.000000000000000000e+00
1.132632887566789766e-03
1.398343552711797098e-05
-0.000000000000000000e+00
-0.000000000000000000e+00
6.009033414477308001e-06
-0.000000000000000000e+00
8.716692578468011182e-03
3.048310627826885557e-05
1.041395844663501296e-06
-0.000000000000000000e+00
1.233337987415637684e-04
3.607413886795036561e-03
1.865879331521478474e-02
3.419896427487677870e-06
-0.000000000000000000e+00
-0.000000000000000000e+00
2.074232450733672073e-02
-0.000000000000000000e+00
1.338447751142271579e-05
-0.000000000000000000e+00
-0.000000000000000000e+00
-0.000000000000000000e+00
-0.000000000000000000e+00
3.095065976189149406e-04
-0.000000000000000000e+00
-0.000000000000000000e+00
-0.000000000000000000e+00
3.343133481451673146e-07
1.123759147187606937e-03
5.405958709250782007e-04
-0.000000000000000000e+00
-0.000000000000000000e+00
-3.852318186200073756e-20
1.568416020237616379e-08
-0.000000000000000000e+00
4.523339115269835202e-20
-0.000000000000000000e+00
2.395413222724766518e-04
-0.000000000000000000e+00
-0.000000000000000000e+00
-0.000000000000000000e+00
-0.000000000000000000e+00
1.990921094013358913e-02
2.189013056892577958e-03
-0.000000000000000000e+00
-0.000000000000000000e+00
-0.000000000000000000e+00
-0.000000000000000000e+00
-0.000000000000000000e+00
4.912433432373785550e-05
6.304175584521754590e-05
4.435156022586030161e-06
7.551149386608422035e-05
4.393371359258608838e-04
1.422428892334774318e-03
-0.000000000000000000e+00
-2.773127995915475598e-20
-0.000000000000000000e+00
7.625645441027236772e-04
-0.000000000000000000e+00
-0.000000000000000000e+00
-0.000000000000000000e+00
2.594509694884686302e-02
7.760691997901325980e-05
1.154841188244039440e-05
-0.000000000000000000e+00
-0.000000000000000000e+00
-0.000000000000000000e+00
-0.000000000000000000e+00
-0.000000000000000000e+00
-0.000000000000000000e+00
-0.000000000000000000e+00
2.752214100395790117e-06
1.253682740662024817e-04
1.157214005176244765e-04
-0.000000000000000000e+00
-0.000000000000000000e+00
-0.000000000000000000e+00
-0.000000000000000000e+00
-0.000000000000000000e+00
-0.000000000000000000e+00
-0.000000000000000000e+00
-0.000000000000000000e+00
1.951229220493569741e-02
6.471956404496094145e-07
5.483226547534952260e-06
1.297467891809706442e-03
1.389257266688330706e-06
-0.000000000000000000e+00
-0.000000000000000000e+00
-0.000000000000000000e+00
2.617600224740555511e-06
1.708417429788580428e-05
-0.000000000000000000e+00
-0.000000000000000000e+00
2.504176411391846688e-03
4.745505646652961986e-04
5.528744804649722978e-06
-0.000000000000000000e+00
2.414057853868477237e-05
-0.000000000000000000e+00
1.398459489726931235e-06
1.416307942341510466e-09
-0.000000000000000000e+00
-0.000000000000000000e+00
5.149638445921730099e-04
1.655673235886189355e-04
-0.000000000000000000e+00
-0.000000000000000000e+00
4.927242854277938617e-05
-0.000000000000000000e+00
-0.000000000000000000e+00
-0.000000000000000000e+00
-0.000000000000000000e+00
-0.000000000000000000e+00
1.009237531382810922e-04
-0.000000000000000000e+00
-0.000000000000000000e+00
7.765736829165691198e-06
-0.000000000000000000e+00
-0.000000000000000000e+00
1.507509588331836187e-04
3.426642797734570384e-03
1.619418928885544618e-04
-0.000000000000000000e+00
1.398459489726931235e-06
1.154143919643470709e-05
4.423266693674135579e-06
-0.000000000000000000e+00
-0.000000000000000000e+00
4.616232365736299841e-06
-0.000000000000000000e+00
-0.000000000000000000e+00
-0.000000000000000000e+00
7.893506489139910057e-05
-0.000000000000000000e+00
2.940832145885913587e-03
8.783305225968549360e-03
2.962351482364947806e-05
-0.000000000000000000e+00
-0.000000000000000000e+00
-0.000000000000000000e+00
8.886264299890972787e-03
2.277634658844240103e-05
3.224817277108526007e-06
-0.000000000000000000e+00
1.974512121918105701e-03
-0.000000000000000000e+00
3.627247241929459594e-05
-0.000000000000000000e+00
2.177297011569549988e-07
-0.000000000000000000e+00
7.412761176002050686e-05
6.818475532317646453e-05
-0.000000000000000000e+00
3.734416168029785349e-03
1.228002431345580955e-03
3.083501827148053495e-04
-0.000000000000000000e+00
-0.000000000000000000e+00
-0.000000000000000000e+00
2.687453459345576679e-06
-0.000000000000000000e+00
-0.000000000000000000e+00
3.726948815648072847e-03
-0.000000000000000000e+00
-0.000000000000000000e+00
-0.000000000000000000e+00
1.097167181176250238e-03
2.252683959723689525e-02
-0.000000000000000000e+00
-0.000000000000000000e+00
4.932288479211465598e-03
3.187589769568611531e-04
-0.000000000000000000e+00
-0.000000000000000000e+00
-0.000000000000000000e+00
8.532062686041573790e-05
3.807277264632708078e-04
-0.000000000000000000e+00
-0.000000000000000000e+00
-0.000000000000000000e+00
1.912249748542238861e-06
-0.000000000000000000e+00
8.305669895356497393e-05
-0.000000000000000000e+00
-0.000000000000000000e+00
-0.000000000000000000e+00
-0.000000000000000000e+00
1.675177828537044919e-05
-2.773127995915475598e-20
-0.000000000000000000e+00
2.143533933942458550e-05
1.244801437630582011e-05
-0.000000000000000000e+00
-0.000000000000000000e+00
8.082681359137432664e-05
1.818897556660996741e-04
2.931396416870361892e-05
2.255088765799361535e-06
4.480761947978569512e-07
-0.000000000000000000e+00
-0.000000000000000000e+00
-0.000000000000000000e+00
-0.000000000000000000e+00
2.716440820349992125e-04
-0.000000000000000000e+00
-0.000000000000000000e+00
1.041260072928659356e-04
6.682880876223325488e-05
-0.000000000000000000e+00
1.351448981223909301e-04
-0.000000000000000000e+00
-0.000000000000000000e+00
-0.000000000000000000e+00
2.950291830378926536e-05
-0.000000000000000000e+00
-0.000000000000000000e+00
2.138118982890619530e-04
-0.000000000000000000e+00
6.433056041374929021e-05
1.981109064958708546e-02
-0.000000000000000000e+00
-0.000000000000000000e+00
-0.000000000000000000e+00
8.390270247048391963e-04
1.329867055847916120e-03
3.662828567028973172e-03
-0.000000000000000000e+00
-0.000000000000000000e+00
-0.000000000000000000e+00
2.963357684007764939e-04
-0.000000000000000000e+00
2.534121906558510409e-03
-0.000000000000000000e+00
-0.000000000000000000e+00
-0.000000000000000000e+00
4.557156527027224195e-05
8.828283899290168891e-06
-0.000000000000000000e+00
-0.000000000000000000e+00
-0.000000000000000000e+00
1.667491309324583624e-05
-0.000000000000000000e+00
-0.000000000000000000e+00
-0.000000000000000000e+00
-8.775895464924592075e-20
1.628686559921562930e-05
1.749119014443571138e-05
2.864922674186927746e-04
-0.000000000000000000e+00
2.140177338106871355e-05
-0.000000000000000000e+00
2.630324490985067997e-03
-0.000000000000000000e+00
-0.000000000000000000e+00
6.588144751223073807e-05
6.150921131196459462e-04
4.009643838274448355e-04
1.860650045405316214e-04
-0.000000000000000000e+00
2.549469367759936607e-03
3.314478349088488844e-05
-0.000000000000000000e+00
-0.000000000000000000e+00
9.371985214715629602e-04
-0.000000000000000000e+00
2.951206538607596512e-04
-0.000000000000000000e+00
-0.000000000000000000e+00
-0.000000000000000000e+00
2.751476277215525370e-03
-0.000000000000000000e+00
2.285596747512814216e-03
1.755919792361323192e-04
8.929329911927682317e-06
4.678604204867265566e-04
1.352205306974107539e-08
-0.000000000000000000e+00
1.429017833864701541e-05
-0.000000000000000000e+00
4.411697414949366765e-04
-0.000000000000000000e+00
-0.000000000000000000e+00
5.334502828518541723e-07
-0.000000000000000000e+00
-0.000000000000000000e+00
-0.000000000000000000e+00
6.036193999667778054e-04
-0.000000000000000000e+00
-0.000000000000000000e+00
7.196372858847583144e-07
-0.000000000000000000e+00
-0.000000000000000000e+00
-0.000000000000000000e+00
-0.000000000000000000e+00
1.900122537851576156e-06
-0.000000000000000000e+00
-0.000000000000000000e+00
-0.000000000000000000e+00
2.204027927952265705e-03
5.344991839203311335e-04
1.738013851584542687e-04
6.983516201366040646e-05
-0.000000000000000000e+00
-0.000000000000000000e+00
9.408537216978585958e-08
2.622203080776883480e-03
1.976894003215072873e-02
2.592625146871653904e-05
-0.000000000000000000e+00
-0.000000000000000000e+00
1.385108665838168584e-04
-0.000000000000000000e+00
-0.000000000000000000e+00
-0.000000000000000000e+00
-0.000000000000000000e+00
-0.000000000000000000e+00
-0.000000000000000000e+00
-0.000000000000000000e+00
-0.000000000000000000e+00
-0.000000000000000000e+00
1.672524436517609336e-06
1.495022068869103276e-03
-0.000000000000000000e+00
-0.000000000000000000e+00
-0.000000000000000000e+00
-0.000000000000000000e+00
-0.000000000000000000e+00
-0.000000000000000000e+00
-0.000000000000000000e+00
-0.000000000000000000e+00
-0.000000000000000000e+00
8.976897388381876151e-06
-0.000000000000000000e+00
-0.000000000000000000e+00
3.259841560508017471e-03
-0.000000000000000000e+00
-0.000000000000000000e+00
1.545508097981045060e-03
1.594285960031125099e-07
6.843736370191614345e-04
-0.000000000000000000e+00
4.749094057445821140e-04
-0.000000000000000000e+00
-0.000000000000000000e+00
1.924924349335178789e-03
-0.000000000000000000e+00
-0.000000000000000000e+00
-0.000000000000000000e+00
1.126551647385889114e-04
6.190380031553472989e-05
-0.000000000000000000e+00
-0.000000000000000000e+00
-0.000000000000000000e+00
8.132811035413784959e-03
8.283998346071895461e-07
-0.000000000000000000e+00
-0.000000000000000000e+00
2.548009385576924276e-05
1.836553379198606339e-02
7.644322149487806192e-05
3.371471121629501112e-07
2.153977444844187589e-04
-0.000000000000000000e+00
1.265832578535476191e-03
-0.000000000000000000e+00
-0.000000000000000000e+00
1.389257266688330706e-06
4.828143390871161627e-04
1.502729759312701377e-04
-0.000000000000000000e+00
3.259850138314580609e-03
6.600866469453241573e-05
6.955189913345662248e-08
7.934997046104072657e-04
-0.000000000000000000e+00
7.622021011473999359e-04
-0.000000000000000000e+00
-0.000000000000000000e+00
1.041306226454509641e-06
-0.000000000000000000e+00
-0.000000000000000000e+00
-0.000000000000000000e+00
1.112035316546967947e-05
2.845959842119252244e-05
2.444939898308525362e-03
-0.000000000000000000e+00
1.656678496130936979e-06
2.433497470761726233e-05
4.240582910135724229e-05
-3.309518017201017179e-20
-0.000000000000000000e+00
-0.000000000000000000e+00
-0.000000000000000000e+00
-0.000000000000000000e+00
-0.000000000000000000e+00
-0.000000000000000000e+00
1.356310371791950148e-04
2.744643838771634891e-04
1.509240258810439785e-05
-0.000000000000000000e+00
-0.000000000000000000e+00
-0.000000000000000000e+00
9.913541872288102099e-04
2.934388206055030471e-06
2.675433121533872527e-02
-0.000000000000000000e+00
3.165402403325542121e-03
1.895153047312058073e-20
-0.000000000000000000e+00
-0.000000000000000000e+00
6.196410896508627170e-03
-0.000000000000000000e+00
1.003149642929111209e-04
2.672900632905228155e-02
-0.000000000000000000e+00
-0.000000000000000000e+00
-0.000000000000000000e+00
-0.000000000000000000e+00
2.048659788015785519e-06
4.927319758068406677e-05
-0.000000000000000000e+00
-0.000000000000000000e+00
3.248061082588866453e-07
-0.000000000000000000e+00
-0.000000000000000000e+00
-0.000000000000000000e+00
-0.000000000000000000e+00
-0.000000000000000000e+00
-0.000000000000000000e+00
-0.000000000000000000e+00
-0.000000000000000000e+00
5.786163198742508978e-04
-0.000000000000000000e+00
-0.000000000000000000e+00
3.414445426160490904e-04
-0.000000000000000000e+00
-0.000000000000000000e+00
-0.000000000000000000e+00
-0.000000000000000000e+00
-0.000000000000000000e+00
5.395649154757801000e-20
-0.000000000000000000e+00
4.392885490627867318e-05
-0.000000000000000000e+00
-0.000000000000000000e+00
1.127076234149626278e-04
-0.000000000000000000e+00
8.924983338636173675e-05
-0.000000000000000000e+00
-0.000000000000000000e+00
8.208975788151118454e-04
-0.000000000000000000e+00
-0.000000000000000000e+00
-0.000000000000000000e+00
-0.000000000000000000e+00
3.364997304119184666e-06
-0.000000000000000000e+00
-0.000000000000000000e+00
1.580329514485768536e-05
1.777396752556401679e-04
2.566673945896836430e-07
-0.000000000000000000e+00
-0.000000000000000000e+00
-0.000000000000000000e+00
-0.000000000000000000e+00
-0.000000000000000000e+00
-0.000000000000000000e+00
1.006973363147748353e-05
-0.000000000000000000e+00
-0.000000000000000000e+00
2.906230333190585843e-06
4.476850038027746677e-07
4.182464038436903612e-04
-6.803865619127958465e-21
-0.000000000000000000e+00
-0.000000000000000000e+00
-0.000000000000000000e+00
-0.000000000000000000e+00
1.694099188043602955e-06
-0.000000000000000000e+00
1.493999694221227748e-02
-0.000000000000000000e+00
2.913433797089473413e-04
-0.000000000000000000e+00
-0.000000000000000000e+00
4.823404602695616607e-04
4.912433432373785550e-05
-0.000000000000000000e+00
3.179973295053109875e-04
-0.000000000000000000e+00
2.735062337529645961e-04
1.487603744725922888e-06
-0.000000000000000000e+00
-0.000000000000000000e+00
-0.000000000000000000e+00
-0.000000000000000000e+00
3.133945682243704850e-05
1.361178138172687265e-04
7.766773373760992299e-05
2.007860332548206186e-03
-0.000000000000000000e+00
1.027288235137283241e-03
-0.000000000000000000e+00
1.009237531382810922e-04
-0.000000000000000000e+00
7.355936989720500690e-05
-0.000000000000000000e+00
-0.000000000000000000e+00
-0.000000000000000000e+00
2.814412409759739231e-07
9.017792201302716296e-06
-0.000000000000000000e+00
-0.000000000000000000e+00
-0.000000000000000000e+00
-0.000000000000000000e+00
-0.000000000000000000e+00
-0.000000000000000000e+00
2.595834542830275347e-05
2.669094422488136492e-05
2.934388206055030471e-06
2.344541304021195921e-04
1.567826981379501916e-05
-0.000000000000000000e+00
-0.000000000000000000e+00
9.211216889674274399e-05
3.425454294544129092e-20
1.031780523537506415e-04
-0.000000000000000000e+00
5.785697886158939649e-04
-0.000000000000000000e+00
-0.000000000000000000e+00
-0.000000000000000000e+00
-0.000000000000000000e+00
5.654821146739312270e-07
6.804427589251585721e-04
5.622256053628372829e-05
1.388586112451691435e-03
-0.000000000000000000e+00
1.392093684721935724e-02
2.286395390387658058e-02
9.050192280122858538e-05
-0.000000000000000000e+00
6.757754700068201257e-04
1.399208221525395637e-06
3.086863937205461885e-05
3.854724687191573088e-03
-0.000000000000000000e+00
-0.000000000000000000e+00
1.520041132312453742e-05
-0.000000000000000000e+00
-0.000000000000000000e+00
2.759501925973816272e-08
1.070323197659850863e-06
-0.000000000000000000e+00
-0.000000000000000000e+00
-0.000000000000000000e+00
-0.000000000000000000e+00
-0.000000000000000000e+00
4.962619414037079424e-05
4.029594892496272230e-05
-0.000000000000000000e+00
-0.000000000000000000e+00
-0.000000000000000000e+00
2.260103653010105476e-02
4.242567209907546245e-03
1.992900751579222349e-02
-0.000000000000000000e+00
2.808747526038884027e-06
1.723285992658532160e-04
1.392004806976197423e-05
4.326240523078770479e-04
-0.000000000000000000e+00
7.967562171830546618e-04
-0.000000000000000000e+00
-0.000000000000000000e+00
5.931097623930918231e-06
2.477090059300789033e-06
5.251595941074196396e-03
4.314987703502792642e-03
1.971112577848072305e-04
1.496324046013227619e-04
3.542779328964124414e-06
-0.000000000000000000e+00
1.356643621762750002e-06
-0.000000000000000000e+00
1.424302735805429640e-02
1.324929494462899757e-06
8.914982945942153498e-04
1.339491630607172871e-04
-0.000000000000000000e+00
1.160543309167372331e-04
5.188023939545214139e-04
-0.000000000000000000e+00
7.685263948957864340e-05
-0.000000000000000000e+00
1.342016125612857647e-04
-0.000000000000000000e+00
1.829882204470875088e-04
1.963348388551920849e-03
4.453301277530724236e-05
-0.000000000000000000e+00
-0.000000000000000000e+00
-0.000000000000000000e+00
3.421954604805799440e-19
-0.000000000000000000e+00
-0.000000000000000000e+00
1.785554378541148806e-06
2.744643838771634891e-04
-0.000000000000000000e+00
2.648331204587639834e-02
7.420685757423756200e-05
6.927958570639564562e-07
-0.000000000000000000e+00
-0.000000000000000000e+00
8.892372307428961578e-03
-0.000000000000000000e+00
5.532534625131846580e-08
5.404194637928587602e-06
4.793723966059787457e-07
-0.000000000000000000e+00
-0.000000000000000000e+00
-0.000000000000000000e+00
-0.000000000000000000e+00
-0.000000000000000000e+00
-0.000000000000000000e+00
4.267227415915968316e-05
-0.000000000000000000e+00
-0.000000000000000000e+00
2.099596507508150916e-04
-0.000000000000000000e+00
-0.000000000000000000e+00
1.611316618975816586e-05
-0.000000000000000000e+00
-0.000000000000000000e+00
-0.000000000000000000e+00
1.129843643066956622e-02
5.847292737626531769e-05
2.137204463395994087e-05
1.085590810604302851e-05
-0.000000000000000000e+00
-0.000000000000000000e+00
-0.000000000000000000e+00
-0.000000000000000000e+00
-0.000000000000000000e+00
4.702787743574333447e-05
2.356642481528312388e-03
1.535740817339489044e-20
1.664337303371318192e-04
-0.000000000000000000e+00
-0.000000000000000000e+00
-0.000000000000000000e+00
-0.000000000000000000e+00
4.749932032700457690e-07
2.845959842119252244e-05
-0.000000000000000000e+00
-0.000000000000000000e+00
4.023303000380523919e-05
1.700503775332094878e-04
-0.000000000000000000e+00
5.142637121289690130e-04
1.478368848821557822e-07
-0.000000000000000000e+00
2.337375480404341893e-04
-0.000000000000000000e+00
-0.000000000000000000e+00
5.988195060085729720e-08
-0.000000000000000000e+00
-0.000000000000000000e+00
1.300495311912376389e-03
-0.000000000000000000e+00
-0.000000000000000000e+00
2.896879436351673534e-05
1.125686368672800279e-03
-0.000000000000000000e+00
-0.000000000000000000e+00
-0.000000000000000000e+00
-0.000000000000000000e+00
-0.000000000000000000e+00
6.555181468276444245e-05
2.049941841913660806e-04
1.452604419486385231e-07
-0.000000000000000000e+00
-0.000000000000000000e+00
-0.000000000000000000e+00
8.714118570607870008e-05
1.780124168767750054e-04
2.470804955981409555e-05
-0.000000000000000000e+00
-0.000000000000000000e+00
-0.000000000000000000e+00
2.007860332548206186e-03
-0.000000000000000000e+00
1.896358772366680048e-06
1.586151344798023254e-06
-0.000000000000000000e+00
3.292406173854169993e-05
-0.000000000000000000e+00
1.195169698547735879e-05
2.678633447715144723e-04
3.123423031732375579e-03
3.381285345419682915e-04
3.243804252313566238e-07
1.454738780831173573e-05
-0.000000000000000000e+00
-1.048107462756467912e-20
1.205725836105428917e-04
-0.000000000000000000e+00
4.087138795462057260e-04
3.415365878037104680e-04
-0.000000000000000000e+00
-0.000000000000000000e+00
-0.000000000000000000e+00
2.986587017585684706e-08
-0.000000000000000000e+00
-0.000000000000000000e+00
-0.000000000000000000e+00
-0.000000000000000000e+00
-0.000000000000000000e+00
7.750384075657424418e-05
-0.000000000000000000e+00
-0.000000000000000000e+00
1.995404978875515035e-03
-0.000000000000000000e+00
-0.000000000000000000e+00
1.058993698648185242e-07
4.684758937879580226e-05
1.822955584177237526e-04
-0.000000000000000000e+00
5.606437330428986517e-06
1.660126122390529965e-02
-0.000000000000000000e+00
2.102805022673330434e-05
8.283998346071895461e-07
2.047506001107056859e-05
-0.000000000000000000e+00
-0.000000000000000000e+00
-0.000000000000000000e+00
-0.000000000000000000e+00
-0.000000000000000000e+00
-0.000000000000000000e+00
-0.000000000000000000e+00
1.023778034636573702e-03
-0.000000000000000000e+00
6.804427589251585721e-04
-0.000000000000000000e+00
-0.000000000000000000e+00
2.681337708909563105e-04
-0.000000000000000000e+00
2.400430561829886258e-05
-0.000000000000000000e+00
-0.000000000000000000e+00
8.809717387917851870e-06
-0.000000000000000000e+00
4.580388715534114359e-07
-0.000000000000000000e+00
-0.000000000000000000e+00
-0.000000000000000000e+00
-0.000000000000000000e+00
-0.000000000000000000e+00
7.835673727448589799e-06
5.439871326899984282e-05
-0.000000000000000000e+00
6.085855486229948055e-03
4.664705354879988570e-04
-0.000000000000000000e+00
-0.000000000000000000e+00
-0.000000000000000000e+00
5.046031965558533602e-04
5.902425149962420265e-05
5.120934364465143165e-07
1.972025756228419502e-07
-0.000000000000000000e+00
5.609277998557202667e-07
-0.000000000000000000e+00
-0.000000000000000000e+00
1.051685066605269813e-03
7.676241596643957426e-07
-0.000000000000000000e+00
6.415730629519001098e-06
-0.000000000000000000e+00
-0.000000000000000000e+00
-0.000000000000000000e+00
-0.000000000000000000e+00
-0.000000000000000000e+00
9.445871101948219233e-05
3.178828495236854642e-06
2.679134489101527448e-05
7.978323983988462235e-07
-0.000000000000000000e+00
-0.000000000000000000e+00
-0.000000000000000000e+00
3.086863937205461885e-05
-7.494677950306975527e-20
6.759522958093317505e-06
-0.000000000000000000e+00
4.439065705500655143e-04
4.204855741811531545e-05
-0.000000000000000000e+00
-0.000000000000000000e+00
-0.000000000000000000e+00
-0.000000000000000000e+00
-0.000000000000000000e+00
-0.000000000000000000e+00
1.870496967727381982e-04
-0.000000000000000000e+00
4.326240523078770479e-04
-0.000000000000000000e+00
-0.000000000000000000e+00
3.125406721096409180e-05
-0.000000000000000000e+00
1.744114148530631972e-03
2.883160927494719458e-07
-0.000000000000000000e+00
-0.000000000000000000e+00
2.468606663907816452e-04
2.678633447715144723e-04
-0.000000000000000000e+00
-0.000000000000000000e+00
5.299061238944418875e-06
-0.000000000000000000e+00
2.994790059132878955e-05
2.813306149863006866e-02
4.986151129219690802e-03
2.206284348140888710e-03
8.980250787785158239e-05
-0.000000000000000000e+00
1.342696005123727770e-04
-0.000000000000000000e+00
-0.000000000000000000e+00
-0.000000000000000000e+00
-0.000000000000000000e+00
6.790830937216579604e-04
-0.000000000000000000e+00
-0.000000000000000000e+00
5.701645470119473709e-03
1.531102145800684587e-05
-0.000000000000000000e+00
5.827883950774751794e-09
-0.000000000000000000e+00
-0.000000000000000000e+00
-0.000000000000000000e+00
3.756930505147647033e-04
-0.000000000000000000e+00
7.399533779958428594e-04
6.247392721437047846e-05
4.178814320395508831e-04
2.653326140425707249e-07
3.092675114316193906e-04
-0.000000000000000000e+00
-0.000000000000000000e+00
-0.000000000000000000e+00
-0.000000000000000000e+00
-0.000000000000000000e+00
1.942605525846852036e-04
3.922166074007008219e-05
-0.000000000000000000e+00
-0.000000000000000000e+00
1.648536324007886323e-05
-0.000000000000000000e+00
1.390927455503986485e-05
-0.000000000000000000e+00
1.018929831006710720e-19
-0.000000000000000000e+00
4.398993473784968962e-04
-0.000000000000000000e+00
-0.000000000000000000e+00
5.011557821294824718e-04
2.861720835534052601e-05
1.324929494462899757e-06
-0.000000000000000000e+00
2.810769991234780734e-07
-0.000000000000000000e+00
-0.000000000000000000e+00
-0.000000000000000000e+00
-0.000000000000000000e+00
2.152636089505005710e-03
1.963955816051376731e-04
3.996660949263067426e-03
1.571931182337628005e-02
4.266457072651409495e-04
4.743741572019261055e-03
1.428364994470845529e-08
-0.000000000000000000e+00
8.270959380612434510e-05
-0.000000000000000000e+00
2.525330832281927730e-04
-0.000000000000000000e+00
1.030040063580470958e-07
