-0.000000000000000000e+00
1.210198167679704759e-03
9.557322575960911491e-05
-0.000000000000000000e+00
-0.000000000000000000e+00
1.312356827531543707e-03
-0.000000000000000000e+00
1.620188066880190458e-02
2.038910539207909600e-02
1.798222066533197621e-05
-0.000000000000000000e+00
-0.000000000000000000e+00
-0.000000000000000000e+00
-0.000000000000000000e+00
-0.000000000000000000e+00
-0.000000000000000000e+00
-0.000000000000000000e+00
-0.000000000000000000e+00
1.577572865019315467e-03
6.801249626257825209e-04
-0.000000000000000000e+00
1.099537332341734902e-03
7.295624807906068987e-03
-0.000000000000000000e+00
5.075809633477034420e-03
1.771355608521399080e-04
1.515642229091670101e-03
-0.000000000000000000e+00
-0.000000000000000000e+00
-0.000000000000000000e+00
3.762222710438865164e-02
-0.000000000000000000e+00
-0.000000000000000000e+00
-0.000000000000000000e+00
-0.000000000000000000e+00
1.121938197521657509e-03
-0.000000000000000000e+00
-0.000000000000000000e+00
3.199964998562047740e-03
2.900879179006627881e-02
2.896041527149702168e-03
-0.000000000000000000e+00
-0.000000000000000000e+00
-0.000000000000000000e+00
-0.000000000000000000e+00
-0.000000000000000000e+00
-0.000000000000000000e+00
8.470372308086872881e-21
-0.000000000000000000e+00
2.577953433914889278e-02
-0.000000000000000000e+00
-0.000000000000000000e+00
-0.000000000000000000e+00
2.098795871498143704e-03
-0.000000000000000000e+00
-0.000000000000000000e+00
1.227699434629944859e-02
8.520418196874437848e-04
1.128201637733095616e-03
-0.000000000000000000e+00
1.515642229091670101e-03
1.443635233019139477e-05
-0.000000000000000000e+00
-0.000000000000000000e+00
3.818730717180699591e-03
-0.000000000000000000e+00
-0.000000000000000000e+00
4.932532878686350132e-03
-0.000000000000000000e+00
7.909723943334023323e-04
7.204004851612671187e-05
-0.000000000000000000e+00
3.797005238104692731e-02
-0.000000000000000000e+00
-0.000000000000000000e+00
-0.000000000000000000e+00
1.771669270057737479e-03
-0.000000000000000000e+00
3.161604990253411972e-03
1.217901257119922325e-03
1.133913993582970142e-04
2.593291913800656844e-03
-0.000000000000000000e+00
-0.000000000000000000e+00
5.580728002465693526e-03
-0.000000000000000000e+00
-0.000000000000000000e+00
3.525023676371564357e-02
-0.000000000000000000e+00
-0.000000000000000000e+00
5.730840698228463611e-04
-0.000000000000000000e+00
2.463311122075083001e-02
7.961744309353160475e-04
-0.000000000000000000e+00
4.545316903323527128e-05
-0.000000000000000000e+00
-4.920683849835239395e-19
-0.000000000000000000e+00
-0.000000000000000000e+00
-0.000000000000000000e+00
-0.000000000000000000e+00
-0.000000000000000000e+00
2.184700865907981038e-04
-0.000000000000000000e+00
1.515642229091670101e-03
6.255687075555673706e-04
-0.000000000000000000e+00
-0.000000000000000000e+00
-0.000000000000000000e+00
3.835618606324551604e-03
-0.000000000000000000e+00
6.748509123448785240e-04
2.357369360105629127e-02
-0.000000000000000000e+00
-0.000000000000000000e+00
-0.000000000000000000e+00
-0.000000000000000000e+00
-0.000000000000000000e+00
-0.000000000000000000e+00
-0.000000000000000000e+00
-0.000000000000000000e+00
1.613120836645231832e-03
-0.000000000000000000e+00
-0.000000000000000000e+00
-0.000000000000000000e+00
5.780311849611302101e-03
5.390500499571702908e-03
-0.000000000000000000e+00
1.330099854205264633e-03
-0.000000000000000000e+00
1.054124030785622782e-03
-0.000000000000000000e+00
-0.000000000000000000e+00
2.119467644368467317e-03
-0.000000000000000000e+00
3.310485212306969738e-02
4.438272374246434240e-03
-0.000000000000000000e+00
1.841529469902374039e-02
-0.000000000000000000e+00
9.655325656245177749e-04
-0.000000000000000000e+00
1.706503670899974087e-03
-0.000000000000000000e+00
2.158760045180678142e-02
-0.000000000000000000e+00
1.942446017450633836e-04
5.390500499571702908e-03
-0.000000000000000000e+00
1.583540759263583030e-03
-0.000000000000000000e+00
2.673356299715155468e-02
-0.000000000000000000e+00
4.295141105723813101e-04
-0.000000000000000000e+00
-2.630051566581825700e-20
-0.000000000000000000e+00
1.635077294107825793e-04
1.415843277142443289e-03
-0.000000000000000000e+00
-0.000000000000000000e+00
-0.000000000000000000e+00
-0.000000000000000000e+00
6.655207034774552818e-04
-0.000000000000000000e+00
1.319220905170535602e-03
-0.000000000000000000e+00
-0.000000000000000000e+00
1.291617664642674939e-04
-0.000000000000000000e+00
-0.000000000000000000e+00
-0.000000000000000000e+00
2.191649363725587188e-04
6.991006123343829204e-03
5.234746797675744875e-04
-0.000000000000000000e+00
3.022254359845564007e-05
-0.000000000000000000e+00
1.140608864987812185e-04
-0.000000000000000000e+00
-0.000000000000000000e+00
-0.000000000000000000e+00
1.445611131418525659e-03
1.022003168503970300e-02
-0.000000000000000000e+00
8.940721547657020860e-04
-0.000000000000000000e+00
3.473696884683210011e-03
-0.000000000000000000e+00
-0.000000000000000000e+00
-0.000000000000000000e+00
-0.000000000000000000e+00
1.402299727250787883e-03
-0.000000000000000000e+00
3.722583607791223742e-02
-0.000000000000000000e+00
-0.000000000000000000e+00
5.069962478591057142e-02
2.110759771353078011e-04
3.705350706552670154e-03
-0.000000000000000000e+00
2.033487147219816688e-03
-0.000000000000000000e+00
3.030869437697691947e-04
1.485939717006793488e-03
2.071501342273653274e-04
-0.000000000000000000e+00
7.047325830541362364e-04
-0.000000000000000000e+00
-0.000000000000000000e+00
-0.000000000000000000e+00
-0.000000000000000000e+00
-0.000000000000000000e+00
-0.000000000000000000e+00
-0.000000000000000000e+00
-0.000000000000000000e+00
3.359445236972441202e-04
9.969658474702416131e-21
-0.000000000000000000e+00
1.121755687073642746e-02
8.172404670576389855e-04
-0.000000000000000000e+00
-0.000000000000000000e+00
-0.000000000000000000e+00
1.269073000066787841e-04
-0.000000000000000000e+00
-0.000000000000000000e+00
-0.000000000000000000e+00
-0.000000000000000000e+00
5.306084727842816671e-05
-0.000000000000000000e+00
3.532782861020016939e-03
-0.000000000000000000e+00
-0.000000000000000000e+00
4.583102613295180622e-03
-0.000000000000000000e+00
3.924501450676404885e-04
3.446573501326784424e-03
-0.000000000000000000e+00
-0.000000000000000000e+00
-0.000000000000000000e+00
-0.000000000000000000e+00
-0.000000000000000000e+00
-0.000000000000000000e+00
3.963688494291742886e-03
-0.000000000000000000e+00
1.451186235835804804e-03
-0.000000000000000000e+00
-0.000000000000000000e+00
2.958438975127781687e-02
-0.000000000000000000e+00
-0.000000000000000000e+00
2.118917958374442675e-02
1.729517837989254020e-03
8.147519019815907147e-04
-0.000000000000000000e+00
2.101477754875364561e-04
-0.000000000000000000e+00
-0.000000000000000000e+00
-0.000000000000000000e+00
-0.000000000000000000e+00
-0.000000000000000000e+00
-0.000000000000000000e+00
1.001623630818657823e-04
-0.000000000000000000e+00
1.993982676512053454e-03
-0.000000000000000000e+00
-0.000000000000000000e+00
-0.000000000000000000e+00
4.504620189911452970e-04
3.646000071378966041e-03
-0.000000000000000000e+00
1.562976350758726526e-03
8.492929890547153788e-04
2.431433099796923014e-02
1.093884733774004467e-04
-0.000000000000000000e+00
-0.000000000000000000e+00
-4.457894272506500817e-19
1.923756095717453282e-05
-0.000000000000000000e+00
-0.000000000000000000e+00
-0.000000000000000000e+00
-0.000000000000000000e+00
7.224129795599392063e-04
2.927553412098926546e-04
-0.000000000000000000e+00
-0.000000000000000000e+00
-0.000000000000000000e+00
-0.000000000000000000e+00
-0.000000000000000000e+00
-0.000000000000000000e+00
-0.000000000000000000e+00
-0.000000000000000000e+00
-0.000000000000000000e+00
-0.000000000000000000e+00
3.452605573033949802e-03
-0.000000000000000000e+00
-0.000000000000000000e+00
2.212952521525572962e-03
-0.000000000000000000e+00
-0.000000000000000000e+00
3.340965857833531893e-02
-0.000000000000000000e+00
4.384889016235891251e-02
2.393601294738491401e-03
-3.550116525547641290e-19
-0.000000000000000000e+00
8.326443840964158115e-04
1.990910760553931118e-04
-0.000000000000000000e+00
2.935187186928124581e-02
4.375114398062883263e-03
2.805507213174020242e-02
-0.000000000000000000e+00
-0.000000000000000000e+00
-0.000000000000000000e+00
5.345071235264618834e-04
-0.000000000000000000e+00
-0.000000000000000000e+00
-0.000000000000000000e+00
-0.000000000000000000e+00
3.797717213634072605e-03
3.622339559971971164e-03
4.595999755485142245e-03
3.362349097225545563e-02
-0.000000000000000000e+00
-0.000000000000000000e+00
1.473098576562311291e-03
-0.000000000000000000e+00
3.155161428731394213e-02
-0.000000000000000000e+00
-0.000000000000000000e+00
-0.000000000000000000e+00
-0.000000000000000000e+00
-0.000000000000000000e+00
-0.000000000000000000e+00
1.894208193841316840e-04
-0.000000000000000000e+00
2.907368593867715525e-02
-0.000000000000000000e+00
1.684774064680681378e-03
5.504121929786227885e-03
-0.000000000000000000e+00
-2.946361953224317981e-19
-0.000000000000000000e+00
-0.000000000000000000e+00
-0.000000000000000000e+00
-0.000000000000000000e+00
-0.000000000000000000e+00
-0.000000000000000000e+00
-0.000000000000000000e+00
-0.000000000000000000e+00
1.485939717006793488e-03
-0.000000000000000000e+00
-0.000000000000000000e+00
-0.000000000000000000e+00
-0.000000000000000000e+00
-0.000000000000000000e+00
-0.000000000000000000e+00
2.331054328625320818e-02
8.175838147461493740e-20
-0.000000000000000000e+00
-0.000000000000000000e+00
-0.000000000000000000e+00
-0.000000000000000000e+00
-0.000000000000000000e+00
-0.000000000000000000e+00
-0.000000000000000000e+00
-0.000000000000000000e+00
-2.946361953224317981e-19
5.144525027164612192e-03
-0.000000000000000000e+00
-0.000000000000000000e+00
2.359897415248032372e-04
-0.000000000000000000e+00
1.277003392601249983e-03
1.098778515398127214e-04
-0.000000000000000000e+00
-0.000000000000000000e+00
1.796170287753051350e-03
